#Web Search interest: textbooks skiing
#Worldwide 2004 - present
#Week,textbooks,skiing
53008.0   44   100
53015.0   53   95
53022.0   36   88
53029.0   29   84
53036.0   22   76
53043.0   14   76
53050.0   13   71
53057.0   13   60
53064.0   14   52
53071.0   11   40
53078.0   12   37
53085.0   10   32
53092.0   15   25
53099.0   12   22
53106.0   12   17
53113.0   13   18
53120.0   13   16
53127.0   17   16
53134.0   17   16
53141.0   17   15
53148.0   16   14
53155.0   16   15
53162.0   15   14
53169.0   15   16
53176.0   15   15
53183.0   14   16
53190.0   13   18
53197.0   15   19
53204.0   17   20
53211.0   18   20
53218.0   25   20
53225.0   31   20
53232.0   42   22
53239.0   63   24
53246.0   50   24
53253.0   34   26
53260.0   21   27
53267.0   19   29
53274.0   15   31
53281.0   14   32
53288.0   12   34
53295.0   10   39
53302.0   10   40
53309.0   11   42
53316.0   10   43
53323.0   11   51
53330.0   8   53
53337.0   11   58
53344.0   16   61
53351.0   18   68
53358.0   13   77
53365.0   18   94
53372.0   39   92
53379.0   43   85
53386.0   37   77
53393.0   26   74
53400.0   20   68
53407.0   15   63
53414.0   12   61
53421.0   10   61
53428.0   10   50
53435.0   11   45
53442.0   10   39
53449.0   10   32
53456.0   12   25
53463.0   10   20
53470.0   11   19
53477.0   10   17
53484.0   11   16
53491.0   16   15
53498.0   15   14
53505.0   16   14
53512.0   14   14
53519.0   13   13
53526.0   13   13
53533.0   12   14
53540.0   11   16
53547.0   11   14
53554.0   11   15
53561.0   13   15
53568.0   13   16
53575.0   16   17
53582.0   22   18
53589.0   27   20
53596.0   40   19
53603.0   50   21
53610.0   43   18
53617.0   31   21
53624.0   22   24
53631.0   17   25
53638.0   15   26
53645.0   12   29
53652.0   9   32
53659.0   9   31
53666.0   9   33
53673.0   9   36
53680.0   8   41
53687.0   9   46
53694.0   7   46
53701.0   10   56
53708.0   12   59
53715.0   15   61
53722.0   13   68
53729.0   14   82
53736.0   29   81
53743.0   39   72
53750.0   34   64
53757.0   23   62
53764.0   16   58
53771.0   11   61
53778.0   10   82
53785.0   9   76
53792.0   9   57
53799.0   9   45
53806.0   8   37
53813.0   8   31
53820.0   9   24
53827.0   10   20
53834.0   7   18
53841.0   8   16
53848.0   9   14
53855.0   12   13
53862.0   13   13
53869.0   12   12
53876.0   12   12
53883.0   11   13
53890.0   11   11
53897.0   10   12
53904.0   10   13
53911.0   9   13
53918.0   8   13
53925.0   11   13
53932.0   11   14
53939.0   14   14
53946.0   18   18
53953.0   24   16
53960.0   33   15
53967.0   42   18
53974.0   39   19
53981.0   27   19
53988.0   20   22
53995.0   15   22
54002.0   13   24
54009.0   10   24
54016.0   9   26
54023.0   8   29
54030.0   8   30
54037.0   8   31
54044.0   7   33
54051.0   8   37
54058.0   6   37
54065.0   7   42
54072.0   10   45
54079.0   13   45
54086.0   11   48
54093.0   11   62
54100.0   24   61
54107.0   32   54
54114.0   29   53
54121.0   22   53
54128.0   14   49
54135.0   11   47
54142.0   8   51
54149.0   8   46
54156.0   9   39
54163.0   8   33
54170.0   8   27
54177.0   8   23
54184.0   8   20
54191.0   8   16
54198.0   8   13
54205.0   7   11
54212.0   8   11
54219.0   11   10
54226.0   11   10
54233.0   10   11
54240.0   10   10
54247.0   9   10
54254.0   10   10
54261.0   8   10
54268.0   8   11
54275.0   9   11
54282.0   8   12
54289.0   9   12
54296.0   10   12
54303.0   12   12
54310.0   16   12
54317.0   20   13
54324.0   25   13
54331.0   34   14
54338.0   33   14
54345.0   22   15
54352.0   16   16
54359.0   12   17
54366.0   11   18
54373.0   9   18
54380.0   8   20
54387.0   7   21
54394.0   7   23
54401.0   7   23
54408.0   7   27
54415.0   7   29
54422.0   5   31
54429.0   7   34
54436.0   9   40
54443.0   11   41
54450.0   11   46
54457.0   9   56
54464.0   19   66
54471.0   28   54
54478.0   27   52
54485.0   18   48
54492.0   14   44
54499.0   10   41
54506.0   7   41
54513.0   7   38
54520.0   7   33
54527.0   7   30
54534.0   7   26
54541.0   6   23
54548.0   7   19
54555.0   8   15
54562.0   7   13
54569.0   7   11
54576.0   7   10
54583.0   9   9
54590.0   10   8
54597.0   10   8
54604.0   9   9
54611.0   8   8
54618.0   9   8
54625.0   8   9
54632.0   8   8
54639.0   8   9
54646.0   7   9
54653.0   8   11
54660.0   9   10
54667.0   10   10
54674.0   12   11
54681.0   18   11
54688.0   22   12
54695.0   29   12
54702.0   37   13
54709.0   25   13
54716.0   18   13
54723.0   12   14
54730.0   11   14
54737.0   10   15
54744.0   9   16
54751.0   8   17
54758.0   7   18
54765.0   7   19
54772.0   6   20
54779.0   6   22
54786.0   7   25
54793.0   5   25
54800.0   9   31
54807.0   11   33
54814.0   12   36
54821.0   9   43
54828.0   15   51
54835.0   30   49
54842.0   30   44
54849.0   22   38
54856.0   17   35
54863.0   11   36
54870.0   9   33
54877.0   8   30
54884.0   8   27
54891.0   8   23
54898.0   7   20
54905.0   7   24
54912.0   7   16
54919.0   8   12
54926.0   7   11
54933.0   7   9
54940.0   8   9
54947.0   9   8
54954.0   11   7
54961.0   12   8
54968.0   11   7
54975.0   10   7
54982.0   11   7
54989.0   10   8
54996.0   9   8
55003.0   9   8
55010.0   8   8
55017.0   9   8
55024.0   10   8
55031.0   11   9
55038.0   15   9
55045.0   20   10
55052.0   26   10
55059.0   35   10
55066.0   40   11
55073.0   31   10
55080.0   20   11
55087.0   16   12
55094.0   13   13
55101.0   11   13
55108.0   9   14
55115.0   8   15
55122.0   8   16
55129.0   7   16
55136.0   7   17
55143.0   7   19
55150.0   7   21
55157.0   6   21
55164.0   9   24
55171.0   12   27
55178.0   14   29
55185.0   10   35
55192.0   15   44
55199.0   28   44
55206.0   31   40
55213.0   24   34
55220.0   19   31
55227.0   13   32
55234.0   10   38
55241.0   9   65
55248.0   9   50
55255.0   9   31
55262.0   9   22
55269.0   9   17
55276.0   8   13
55283.0   9   12
55290.0   8   10
55297.0   8   8
55304.0   8   7
55311.0   10   7
55318.0   12   7
55325.0   13   6
55332.0   14   7
55339.0   11   6
55346.0   11   6
55353.0   10   7
55360.0   9   6
55367.0   9   6
55374.0   9   6
55381.0   9   7
55388.0   10   8
55395.0   11   7
55402.0   13   8
55409.0   17   9
55416.0   22   9
55423.0   27   9
55430.0   32   9
55437.0   25   9
55444.0   17   10
55451.0   14   10
55458.0   12   10
55465.0   9   10
55472.0   8   11
55479.0   7   11
55486.0   8   13
55493.0   7   13
55500.0   7   15
55507.0   7   16
55514.0   7   18
55521.0   6   20
55528.0   9   23
55535.0   11   25
55542.0   12   26
55549.0   9   29
55556.0   13   40
55563.0   22   34
55570.0   23   34
55577.0   20   30
55584.0   15   27
55591.0   11   26
55598.0   9   25
55605.0   8   24
55612.0   7   21
55619.0   7   19
55626.0   7   16
55633.0   6   13
55640.0   7   12
55647.0   7   10
55654.0   7   9
55661.0   6   8
55668.0   7   7
55675.0   8   7
55682.0   9   6
55689.0   10   6
55696.0   10   6
55703.0   9   6
55710.0   9   6
55717.0   8   6
55724.0   8   6
55731.0   8   6
55738.0   8   6
55745.0   8   7
55752.0   8   7
55759.0   10   7
55766.0   11   7
55773.0   15   7
55780.0   18   7
55787.0   22   8
55794.0   26   8
55801.0   21   8
55808.0   16   8
55815.0   13   9
55822.0   10   9
55829.0   9   9
55836.0   7   10
55843.0   7   10
55850.0   7   11
55857.0   6   12
55864.0   6   13
55871.0   6   14
55878.0   6   15
55885.0   5   16
55892.0   7   18
55899.0   8   20
55906.0   10   20
55913.0   8   22
55920.0   9   27
55927.0   15   28
55934.0   19   27
55941.0   19   27
55948.0   15   24
55955.0   10   22
55962.0   8   21
55969.0   7   20
55976.0   7   21
55983.0   7   16
55990.0   7   15
55997.0   6   13
56004.0   6   11
56011.0   6   9
56018.0   6   9
56025.0   6   7
56032.0   6   7
56039.0   6   6
56046.0   8   6
56053.0   9   6
56060.0   8   6
56067.0   7   5
56074.0   7   6
56081.0   7   5
56088.0   6   6
56095.0   7   6
56102.0   7   6
56109.0   6   6
56116.0   7   7
56123.0   8   7
56130.0   9   7
56137.0   10   7
56144.0   13   7
56151.0   17   7
56158.0   21   8
56165.0   20   8
56172.0   14   8
56179.0   11   8
56186.0   8   8
56193.0   8   9
56200.0   7   9
56207.0   6   9
56214.0   6   10
56221.0   5   10
56228.0   5   11
56235.0   5   12
56242.0   5   13
56249.0   4   13
56256.0   6   16
56263.0   7   17
56270.0   8   19
56277.0   7   20
56284.0   6   29
56291.0   11   32
56298.0   16   26
56305.0   14   25
56312.0   11   24
56319.0   9   21
56326.0   7   22
56333.0   6   23
56340.0   6   21
56347.0   6   19
56354.0   5   16
56361.0   5   14
56368.0   5   13
56375.0   5   11
56382.0   5   9
56389.0   5   7
56396.0   5   6
56403.0   6   6
56410.0   7   5
56417.0   7   5
56424.0   7   5
56431.0   7   5
56438.0   6   5
56445.0   6   5
56452.0   6   5
56459.0   6   5
56466.0   6   5
56473.0   5   5
56480.0   6   6
56487.0   6   6
56494.0   7   6
56501.0   9   7
56508.0   11   7
56515.0   14   7
56522.0   17   7
56529.0   18   7
56536.0   13   7
56543.0   10   7
56550.0   7   7
56557.0   7   7
56564.0   6   8
56571.0   5   9
56578.0   5   9
56585.0   5   10
56592.0   4   10
56599.0   4   12
56606.0   4   13
56613.0   5   14
56620.0   4   15
56627.0   6   17
56634.0   7   19
56641.0   7   21
56648.0   5   26
56655.0   9   37
56662.0   14   28
56669.0   14   25
56676.0   10   24
56683.0   8   24
56690.0   6   31
56697.0   5   57
56704.0   5   43
56711.0   6   23
56718.0   6   18
56725.0   5   14
56732.0   5   11
56739.0   5   10
56746.0   5   8
56753.0   5   7
56760.0   4   6
56767.0   5   6
56774.0   6   5
56781.0   6   5
56788.0   7   5
56795.0   6   5
56802.0   5   5
56809.0   5   5
56816.0   5   5
56823.0   5   5
56830.0   5   5
56837.0   5   5
56844.0   5   6
56851.0   5   6
56858.0   6   6
56865.0   8   6
56872.0   9   6
56879.0   11   7
56886.0   15   6
56893.0   16   7
56900.0   12   7
56907.0   9   7
56914.0   7   7
56921.0   6   7
56928.0   5   8
56935.0   5   8
56942.0   5   9
56949.0   4   9
56956.0   4   9
56963.0   4   11
56970.0   4   12
56977.0   4   14
56984.0   4   13
56991.0   5   16
56998.0   6   16
57005.0   6   17
57012.0   4   22
57019.0   7   27
57026.0   11   25
57033.0   12   24
57040.0   10   23
57047.0   7   21
57054.0   6   22
57061.0   5   22
57068.0   5   20
57075.0   5   18
57082.0   5   16
57089.0   4   13
57096.0   4   11
57103.0   4   10
57110.0   4   10
57117.0   4   8
57124.0   4   7
57131.0   4   6
57138.0   5   5
57145.0   6   5
57152.0   6   5
57159.0   6   5
57166.0   5   5
57173.0   6   5
57180.0   5   5
57187.0   5   5
57194.0   5   5
57201.0   4   5
57208.0   5   6
57215.0   5   6
57222.0   6   6
57229.0   6   6
57236.0   7   6
57243.0   9   6
57250.0   12   6
57257.0   14   6
57264.0   13   7
57271.0   9   7
57278.0   7   7
57285.0   6   7
57292.0   5   7
57299.0   5   8
57306.0   5   8
57313.0   4   9
57320.0   4   9
57327.0   4   11
57334.0   4   11
57341.0   4   12
57348.0   3   14
57355.0   4   15
57362.0   5   15
57369.0   6   18
57376.0   4   22
57383.0   6   27
57390.0   10   26
57397.0   11   25
57404.0   10   25
57411.0   7   24
57418.0   6   21
57425.0   5   20
57432.0   5   20
57439.0   5   17
57446.0   5   15
57453.0   4   14
57460.0   4   11
57467.0   4   11
57474.0   4   9
57481.0   4   8
57488.0   4   7
57495.0   4   6
57502.0   4   6
57509.0   5   5
57516.0   6   5
57523.0   5   5
57530.0   5   6
57537.0   4   5
57544.0   5   5
57551.0   4   6
